a
619735.006	
827245.22586	
3550581507.3415	
1704061.05	
583278.52	
97631598.9549	
522308.7283	
41829689.81637	
101228.5467	
44918387.9	
14352915.5	
9023198.78444	
8029.4	
3504352577.7440	
15402.8	
1476498.73	
280980496	
847940748	
22.1466	
8136452201.0	
7331.45	
2191804.7	
11981032.5032	
336	
82.19397	
320.927	
03297.8	
1.47439	
7620962303.5196	
27568246.309	
76	
037962273.07	
7364.6740	
44.63	
02016.937	
5244134688.7	
4.46718	
12.31	
08.910	
7451678393.139	
7520717.06717	
817521.7531	
0	
078649.14	
899799960	
8036942.04436	
8911863509.1	
2	
897.7893	
6.3	
7435833361.04742	
57227036.09896	
29032	
774	
133435.2	
98	
145730277.70	
086.4501	
327911.403	
5830.510	
104.064	
562221747.860	
1.39	
154	
6.81	
1058.9	
9843.9969	
25232833.857	
135120865	
953548.50350	
358126022	
50	
73.8	
1321.94230	
86.61	
7944.35	
27756.69	
0.986	
20153565.468	
85.33287	
6463210.58700	
3462.0	
65.349	
437709.15400	
23773339.15888	
4.43	
7661	
16596.87	
16.763	
27947182.48816	
485.9444	
4532174319.073	
269877487.8321	
7444351328.09034	
4398538123.8985	
61	
877282366.9	
1380761.603	
43.15	
545744677.52688	

Michael
Jack
Ludwig
Barry
Jodi
Ludwig
Karl
Kat
Paul
Florence
